0 0.09134615384615384 0.7956730769230769 0.14423076923076922 0.1346153846153846
0 0.5096153846153846 0.5 0.9783653846153846 0.7475961538461539
0 0.15625 0.4951923076923077 0.1658653846153846 0.15384615384615385
0 0.19951923076923078 0.3125 0.12740384615384615 0.1201923076923077
0 0.22115384615384615 0.6322115384615384 0.12259615384615384 0.11778846153846154
0 0.30528846153846156 0.7259615384615384 0.1201923076923077 0.12259615384615384
0 0.31490384615384615 0.47115384615384615 0.11538461538461539 0.11298076923076923
0 0.3701923076923077 0.20432692307692307 0.16105769230769232 0.15625
0 0.40625 0.8173076923076923 0.11538461538461539 0.10817307692307693
0 0.41346153846153844 0.5552884615384616 0.12740384615384615 0.12980769230769232
0 0.4326923076923077 0.4206730769230769 0.125 0.12980769230769232
0 0.44471153846153844 0.6923076923076923 0.125 0.13221153846153846
0 0.5360576923076923 0.20192307692307693 0.17307692307692307 0.15144230769230768
0 0.5600961538461539 0.7956730769230769 0.15144230769230768 0.15384615384615385
0 0.5769230769230769 0.3557692307692308 0.1658653846153846 0.16346153846153846
0 0.5504807692307693 0.5192307692307693 0.10576923076923077 0.10817307692307693
0 0.625 0.6418269230769231 0.12980769230769232 0.125
0 0.6899038461538461 0.23076923076923078 0.12259615384615384 0.125
0 0.7163461538461539 0.5360576923076923 0.11298076923076923 0.11778846153846154
0 0.7475961538461539 0.7548076923076923 0.13701923076923078 0.12259615384615384
0 0.7451923076923077 0.3701923076923077 0.12740384615384615 0.11778846153846154
0 0.8485576923076923 0.4879807692307692 0.1466346153846154 0.12740384615384615
0 0.8918269230769231 0.6274038461538461 0.13942307692307693 0.12740384615384615
0 0.9182692307692307 0.36538461538461536 0.15625 0.1466346153846154