0 0.08671875 0.58515625 0.1734375 0.2203125
0 0.14765625 0.78125 0.1625 0.2125
0 0.19296875 0.4984375 0.2046875 0.2484375
0 0.2453125 0.65078125 0.215625 0.2953125
0 0.396875 0.72265625 0.215625 0.2828125
0 0.30078125 0.29921875 0.1765625 0.203125
0 0.490625 0.39609375 0.21875 0.30625
0 0.5421875 0.61171875 0.2328125 0.2796875
0 0.63515625 0.68828125 0.19375 0.2671875
0 0.5828125 0.19140625 0.1484375 0.1734375
0 0.6203125 0.35625 0.221875 0.2578125
0 0.70625 0.56171875 0.1984375 0.2546875
0 0.759375 0.396875 0.209375 0.25
0 0.82265625 0.58984375 0.2203125 0.284375
0 0.8015625 0.1078125 0.203125 0.215625
0 0.86328125 0.253125 0.18125 0.21875
0 0.9203125 0.459375 0.159375 0.234375