0 0.08125 0.7484375 0.0859375 0.11875
0 0.17265625 0.9359375 0.1390625 0.128125
0 0.20078125 0.79609375 0.175 0.1796875
0 0.128125 0.6390625 0.1125 0.1296875
0 0.24375 0.51875 0.153125 0.190625
0 0.26796875 0.2953125 0.1609375 0.1828125
0 0.390625 0.68828125 0.171875 0.184375
0 0.36484375 0.87265625 0.10625 0.153125
0 0.48046875 0.8390625 0.121875 0.15
0 0.52734375 0.68828125 0.184375 0.2015625
0 0.43828125 0.465625 0.1953125 0.228125
0 0.3453125 0.1625 0.140625 0.15
0 0.4953125 0.24921875 0.153125 0.190625
0 0.59921875 0.37421875 0.1671875 0.2140625
0 0.571875 0.07578125 0.14375 0.1515625
0 0.6703125 0.20546875 0.1421875 0.184375
0 0.82421875 0.3 0.1640625 0.203125
0 0.921875 0.43125 0.1078125 0.1328125
0 0.684375 0.6125 0.2046875 0.259375
0 0.81015625 0.503125 0.1265625 0.1515625
0 0.91171875 0.61796875 0.1359375 0.1484375
0 0.65859375 0.815625 0.096875 0.1015625
0 0.79609375 0.81796875 0.1203125 0.115625