0 0.37265625 0.1203125 0.2953125 0.240625
0 0.29296875 0.26875 0.296875 0.3203125
0 0.19140625 0.39140625 0.2625 0.26875
0 0.09140625 0.56796875 0.1828125 0.3078125
0 0.41796875 0.4171875 0.3046875 0.3265625
0 0.2453125 0.65546875 0.29375 0.3078125
0 0.48984375 0.6140625 0.3453125 0.3578125
0 0.69453125 0.321875 0.35625 0.384375
0 0.67890625 0.234375 0.2953125 0.3140625
0 0.73203125 0.61484375 0.3484375 0.3703125
0 0.834375 0.721875 0.3125 0.3546875
0 0.44140625 0.9046875 0.2546875 0.190625
0 0.63984375 0.896875 0.3046875 0.20625