0 0.15625 0.3171875 0.2984375 0.403125
0 0.23671875 0.6625 0.3171875 0.4390625
0 0.4171875 0.659375 0.309375 0.4546875
0 0.35859375 0.89453125 0.2265625 0.2109375
0 0.66328125 0.52734375 0.3015625 0.39375
0 0.60234375 0.74296875 0.346875 0.478125
0 0.31484375 0.334375 0.29375 0.4015625
0 0.45234375 0.3734375 0.2734375 0.4
0 0.50234375 0.23125 0.259375 0.359375
0 0.58125 0.13515625 0.2875 0.2703125
0 0.78984375 0.41640625 0.3015625 0.4203125
0 0.88359375 0.690625 0.2328125 0.325
0 0.84921875 0.20390625 0.2765625 0.4078125
0 0.9125 0.52890625 0.175 0.4359375