0 0.4765625 0.140625 0.246875 0.28125
0 0.64453125 0.20078125 0.2015625 0.259375
0 0.81484375 0.2515625 0.2171875 0.2828125
0 0.934375 0.32265625 0.13125 0.2421875
0 0.1375 0.35390625 0.225 0.290625
0 0.328125 0.41796875 0.24375 0.296875
0 0.52109375 0.48828125 0.2359375 0.284375
0 0.7125 0.55 0.26875 0.3390625
0 0.87734375 0.64296875 0.225 0.26875
0 0.08984375 0.68046875 0.1796875 0.2828125
0 0.22890625 0.77265625 0.1953125 0.23125
0 0.403125 0.81171875 0.2203125 0.2671875
0 0.578125 0.89375 0.196875 0.2125
0 0.76015625 0.9125 0.2109375 0.175