0 0.2171875 0.2671875 0.2671875 0.3
0 0.3796875 0.190625 0.2203125 0.2625
0 0.53203125 0.12109375 0.2390625 0.2421875
0 0.69453125 0.07890625 0.2265625 0.1578125
0 0.14609375 0.665625 0.246875 0.29375
0 0.32265625 0.5703125 0.2640625 0.303125
0 0.50546875 0.4765625 0.2546875 0.290625
0 0.68125 0.37890625 0.2921875 0.3453125
0 0.8625 0.321875 0.24375 0.275
0 0.33203125 0.9 0.2578125 0.2
0 0.51328125 0.8828125 0.2109375 0.234375
0 0.66171875 0.7828125 0.2375 0.271875
0 0.846875 0.715625 0.2109375 0.23125
0 0.94609375 0.615625 0.1078125 0.25625