0 0.10078125 0.33515625 0.15 0.175
0 0.12578125 0.58203125 0.178125 0.215625
0 0.27265625 0.7859375 0.1921875 0.2421875
0 0.24296875 0.3921875 0.1515625 0.1859375
0 0.3859375 0.528125 0.1765625 0.240625
0 0.2328125 0.184375 0.1328125 0.1921875
0 0.3703125 0.27109375 0.13125 0.18125
0 0.5265625 0.74140625 0.18125 0.240625
0 0.51171875 0.3734375 0.1375 0.1875
0 0.64765625 0.49765625 0.16875 0.228125
0 0.78515625 0.67734375 0.184375 0.25625
0 0.90625 0.48359375 0.1875 0.2171875
0 0.76875 0.346875 0.153125 0.190625
0 0.48046875 0.13046875 0.140625 0.1796875
0 0.621875 0.2140625 0.134375 0.203125
0 0.73828125 0.0953125 0.1453125 0.175
0 0.85234375 0.1921875 0.1328125 0.1921875