0 0.1125 0.33125 0.225 0.28125
0 0.18984375 0.51015625 0.2359375 0.30625
0 0.21875 0.66640625 0.2234375 0.2421875
0 0.25546875 0.87578125 0.2328125 0.2484375
0 0.38359375 0.509375 0.2453125 0.309375
0 0.45546875 0.7953125 0.24375 0.284375
0 0.58046875 0.58125 0.2921875 0.325
0 0.48828125 0.2359375 0.284375 0.365625
0 0.41171875 0.1921875 0.2421875 0.29375
0 0.73671875 0.39609375 0.284375 0.346875
0 0.88359375 0.38671875 0.2328125 0.3515625
0 0.79765625 0.825 0.2265625 0.2203125
0 0.90546875 0.684375 0.1890625 0.296875