0 0.22734375 0.68359375 0.115625 0.165625
0 0.3234375 0.740625 0.1203125 0.171875
0 0.3859375 0.63515625 0.1234375 0.1453125
0 0.284375 0.5875 0.11875 0.1609375
0 0.3015625 0.4453125 0.103125 0.1546875
0 0.3875 0.52734375 0.1203125 0.1140625
0 0.48828125 0.459375 0.1265625 0.1265625
0 0.49375 0.53828125 0.10625 0.1390625
0 0.5078125 0.64765625 0.1203125 0.1203125
0 0.51328125 0.79765625 0.121875 0.18125
0 0.5875 0.48828125 0.09375 0.1078125
0 0.59453125 0.59609375 0.11875 0.1046875
0 0.58828125 0.73125 0.13125 0.1671875