0 0.13671875 0.26484375 0.2125 0.25625
0 0.19296875 0.45625 0.1953125 0.284375
0 0.19375 0.615625 0.19375 0.2171875
0 0.190625 0.8484375 0.19375 0.26875
0 0.38359375 0.4890625 0.2046875 0.2859375
0 0.4046875 0.7828125 0.2078125 0.259375
0 0.565625 0.59375 0.2515625 0.2953125
0 0.534375 0.23828125 0.2359375 0.3390625
0 0.46640625 0.18125 0.203125 0.2703125
0 0.75078125 0.4390625 0.2390625 0.3203125
0 0.8984375 0.4546875 0.184375 0.334375
0 0.73671875 0.87109375 0.2015625 0.19375
0 0.89609375 0.7578125 0.2078125 0.271875