0 0.23046875 0.60546875 0.4609375 0.4046875
0 0.2796875 0.85234375 0.453125 0.2953125
0 0.61328125 0.81484375 0.4984375 0.3703125
0 0.59921875 0.59453125 0.4546875 0.340625
0 0.28046875 0.4109375 0.4109375 0.315625
0 0.42578125 0.2828125 0.3984375 0.340625
0 0.2734375 0.12890625 0.378125 0.2578125
0 0.6265625 0.21796875 0.36875 0.28125
0 0.75078125 0.471875 0.4125 0.3828125
0 0.87265625 0.3828125 0.2546875 0.284375
0 0.71015625 0.14140625 0.3359375 0.2640625
0 0.91640625 0.23046875 0.1671875 0.2265625