0 0.2171875 0.3359375 0.0890625 0.1703125
0 0.31484375 0.43984375 0.1328125 0.2421875
0 0.3859375 0.4828125 0.159375 0.28125
0 0.34453125 0.69921875 0.146875 0.24375
0 0.43046875 0.88515625 0.1078125 0.1921875
0 0.53828125 0.59609375 0.1484375 0.2796875
0 0.63984375 0.6203125 0.153125 0.3109375
0 0.62265625 0.35390625 0.153125 0.28125
0 0.48515625 0.3703125 0.1625 0.271875
0 0.4828125 0.14609375 0.134375 0.196875
0 0.52421875 0.83359375 0.1734375 0.3328125
0 0.2765625 0.19296875 0.1359375 0.2328125