0 0.09609375 0.46328125 0.15625 0.13515625
0 0.26328125 0.453125 0.171875 0.17734375
0 0.3515625 0.62265625 0.19296875 0.19765625
0 0.2421875 0.72890625 0.22421875 0.203125
0 0.14296875 0.91171875 0.25546875 0.16640625
0 0.0625 0.734375 0.109375 0.265625
0 0.59140625 0.43515625 0.16171875 0.234375
0 0.71328125 0.55234375 0.21875 0.25
0 0.77109375 0.421875 0.16640625 0.13515625
0 0.80234375 0.34609375 0.14609375 0.13515625
0 0.8828125 0.55703125 0.18203125 0.22890625
0 0.9140625 0.4140625 0.14609375 0.140625