0 0.60703125 0.16484375 0.196875 0.2390625
0 0.38203125 0.1375 0.2046875 0.2390625
0 0.10859375 0.309375 0.2109375 0.271875
0 0.17734375 0.21171875 0.2296875 0.26875
0 0.2875 0.33203125 0.221875 0.2625
0 0.096875 0.60546875 0.19375 0.3296875
0 0.2328125 0.5046875 0.25 0.2828125
0 0.1765625 0.76328125 0.2296875 0.26875
0 0.40546875 0.4015625 0.190625 0.225
0 0.4984375 0.52265625 0.259375 0.29375
0 0.29765625 0.6984375 0.2640625 0.2890625
0 0.328125 0.87421875 0.2453125 0.2328125
0 0.44453125 0.72421875 0.2265625 0.25625
0 0.6140625 0.72265625 0.2609375 0.30625
0 0.79921875 0.55546875 0.240625 0.2859375
0 0.6828125 0.453125 0.25625 0.296875
0 0.78515625 0.33125 0.2046875 0.225
0 0.91953125 0.2515625 0.1609375 0.2125
0 0.9140625 0.53828125 0.171875 0.2453125
0 0.7625 0.76328125 0.25 0.290625
0 0.6171875 0.93203125 0.234375 0.1359375
0 0.74921875 0.92265625 0.2171875 0.1546875