0 0.07890625 0.46796875 0.1265625 0.196875
0 0.08359375 0.6734375 0.115625 0.190625
0 0.20546875 0.4140625 0.153125 0.21875
0 0.21328125 0.575 0.15 0.2703125
0 0.33984375 0.68515625 0.1546875 0.2546875
0 0.3640625 0.25234375 0.1359375 0.1765625
0 0.51953125 0.39765625 0.15 0.28125
0 0.509375 0.61953125 0.175 0.2453125
0 0.578125 0.71875 0.1328125 0.24375
0 0.66484375 0.22578125 0.1140625 0.15
0 0.6546875 0.3953125 0.16875 0.225
0 0.68125 0.61640625 0.1421875 0.228125
0 0.778125 0.47265625 0.1578125 0.21875
0 0.78515625 0.675 0.159375 0.2546875
0 0.903125 0.18671875 0.1484375 0.2296875
0 0.9171875 0.3625 0.1375 0.1921875
0 0.9296875 0.58046875 0.140625 0.2078125