0 0.44765625 0.0859375 0.2296875 0.171875
0 0.340625 0.253125 0.209375 0.2359375
0 0.221875 0.409375 0.2078125 0.2234375
0 0.25625 0.5015625 0.2421875 0.275
0 0.37578125 0.37890625 0.2078125 0.215625
0 0.5078125 0.2375 0.221875 0.24375
0 0.0625 0.5390625 0.125 0.19375
0 0.07578125 0.6234375 0.1515625 0.209375
0 0.4296875 0.5640625 0.209375 0.24375
0 0.55234375 0.57890625 0.215625 0.2375
0 0.6484375 0.28203125 0.23125 0.2625
0 0.75703125 0.16328125 0.1765625 0.1828125
0 0.7453125 0.33359375 0.234375 0.2671875
0 0.8625 0.22890625 0.1765625 0.1828125
0 0.69609375 0.834375 0.184375 0.209375
0 0.81328125 0.72578125 0.1703125 0.1890625