0 0.20234375 0.18671875 0.159375 0.18125
0 0.125 0.42265625 0.1890625 0.221875
0 0.17578125 0.66875 0.2046875 0.25
0 0.309375 0.296875 0.1609375 0.1921875
0 0.384375 0.47890625 0.1890625 0.246875
0 0.38359375 0.103125 0.14375 0.196875
0 0.47421875 0.23828125 0.140625 0.1859375
0 0.4265625 0.73125 0.1953125 0.246875
0 0.5625 0.3890625 0.1484375 0.19375
0 0.6359375 0.5578125 0.18125 0.234375
0 0.68828125 0.778125 0.1984375 0.2625
0 0.87890625 0.65078125 0.1984375 0.225
0 0.8078125 0.46953125 0.1625 0.196875
0 0.63203125 0.1546875 0.15 0.184375
0 0.72734375 0.28828125 0.146875 0.2078125
0 0.88203125 0.22734375 0.153125 0.18125
0 0.9375 0.3609375 0.125 0.196875