0 0.08125 0.42109375 0.1625 0.1921875
0 0.15078125 0.6578125 0.2078125 0.234375
0 0.3375 0.82734375 0.2265625 0.2609375
0 0.2265625 0.44765625 0.178125 0.2015625
0 0.39453125 0.55078125 0.2125 0.25625
0 0.17265625 0.246875 0.1625 0.203125
0 0.325 0.303125 0.159375 0.19375
0 0.5765625 0.73046875 0.2171875 0.2578125
0 0.48515625 0.3734375 0.165625 0.2
0 0.64453125 0.4671875 0.203125 0.24375
0 0.815625 0.6140625 0.2234375 0.271875
0 0.89296875 0.3984375 0.2140625 0.2375
0 0.73125 0.29453125 0.1796875 0.20625
0 0.40390625 0.14296875 0.1671875 0.1921875
0 0.559375 0.1953125 0.1671875 0.2125
0 0.6484375 0.07421875 0.16875 0.1484375
0 0.78125 0.125 0.1625 0.203125