0 0.13203125 0.421875 0.2640625 0.31875
0 0.21484375 0.13984375 0.2421875 0.2796875
0 0.30625 0.3140625 0.2578125 0.3140625
0 0.54140625 0.1328125 0.2640625 0.265625
0 0.42890625 0.38046875 0.2296875 0.3078125
0 0.215625 0.58046875 0.2796875 0.3609375
0 0.09765625 0.7453125 0.1953125 0.278125
0 0.23125 0.8234375 0.2296875 0.2421875
0 0.3609375 0.64453125 0.2390625 0.2859375
0 0.54140625 0.6328125 0.2578125 0.3140625
0 0.5359375 0.7921875 0.2609375 0.303125
0 0.58203125 0.3890625 0.2703125 0.3484375
0 0.7390625 0.44375 0.278125 0.3671875
0 0.71875 0.1765625 0.228125 0.2578125
0 0.88125 0.26171875 0.2375 0.2953125
0 0.884375 0.53125 0.23125 0.290625
0 0.81171875 0.7703125 0.2828125 0.35
0 0.69296875 0.7328125 0.2421875 0.3296875