0 0.11328125 0.66953125 0.2 0.2265625
0 0.2140625 0.8484375 0.1890625 0.2171875
0 0.19921875 0.5625 0.2328125 0.2578125
0 0.28203125 0.70078125 0.2546875 0.3
0 0.44609375 0.7390625 0.2515625 0.2890625
0 0.26328125 0.3453125 0.1984375 0.2140625
0 0.46953125 0.4 0.259375 0.309375
0 0.56484375 0.60078125 0.2640625 0.290625
0 0.67109375 0.65625 0.228125 0.2703125
0 0.5171875 0.18046875 0.1671875 0.18125
0 0.5875 0.33515625 0.25 0.2703125
0 0.71484375 0.5171875 0.2296875 0.2625
0 0.7328125 0.3453125 0.2375 0.259375
0 0.834375 0.52109375 0.25625 0.2921875
0 0.7078125 0.0828125 0.234375 0.165625
0 0.80390625 0.1828125 0.20625 0.228125
0 0.90390625 0.36875 0.1921875 0.24375