0 0.28828125 0.7515625 0.125 0.171875
0 0.39609375 0.78046875 0.1296875 0.1765625
0 0.42734375 0.6609375 0.13125 0.1515625
0 0.31640625 0.64375 0.128125 0.1671875
0 0.29375 0.50234375 0.1125 0.159375
0 0.39921875 0.5578125 0.125 0.121875
0 0.478125 0.4640625 0.1328125 0.1328125
0 0.5046875 0.5390625 0.115625 0.1453125
0 0.5484375 0.63984375 0.1265625 0.1265625
0 0.5953125 0.78203125 0.1328125 0.1875
0 0.58125 0.4640625 0.1 0.1125
0 0.6171875 0.56640625 0.1234375 0.1109375
0 0.6484375 0.6984375 0.140625 0.1734375