0 0.13359375 0.41640625 0.2671875 0.3203125
0 0.22109375 0.1375 0.2453125 0.275
0 0.309375 0.3109375 0.2609375 0.315625
0 0.54765625 0.13359375 0.2671875 0.2671875
0 0.43046875 0.3796875 0.234375 0.3078125
0 0.2140625 0.57578125 0.2828125 0.3609375
0 0.09609375 0.73828125 0.1921875 0.2796875
0 0.22578125 0.81875 0.23125 0.24375
0 0.3578125 0.6421875 0.2421875 0.2875
0 0.5390625 0.63359375 0.2609375 0.315625
0 0.53046875 0.79296875 0.2640625 0.3046875
0 0.58359375 0.390625 0.275 0.3484375
0 0.73984375 0.44765625 0.2828125 0.36875
0 0.72421875 0.18046875 0.2296875 0.2578125
0 0.88203125 0.26875 0.2359375 0.296875
0 0.8828125 0.53828125 0.234375 0.2921875
0 0.80703125 0.77578125 0.2875 0.35
0 0.68828125 0.7359375 0.246875 0.3296875