0 0.46796875 0.14921875 0.1265625 0.2125
0 0.25 0.2125 0.1375 0.2078125
0 0.065625 0.47734375 0.128125 0.2484375
0 0.090625 0.3609375 0.1546875 0.234375
0 0.2390625 0.428125 0.1484375 0.2296875
0 0.13125 0.77109375 0.1875 0.2875
0 0.25625 0.60859375 0.175 0.240625
0 0.3046875 0.86875 0.1546875 0.234375
0 0.37421875 0.44609375 0.1265625 0.196875
0 0.50703125 0.52109375 0.1796875 0.25
0 0.39140625 0.76171875 0.190625 0.240625
0 0.48828125 0.91171875 0.1984375 0.1734375
0 0.53671875 0.728125 0.1578125 0.21875
0 0.6921875 0.6609375 0.175 0.265625
0 0.796875 0.434375 0.159375 0.25
0 0.65 0.3859375 0.175 0.25625
0 0.696875 0.23359375 0.146875 0.1875
0 0.80859375 0.0984375 0.1515625 0.171875
0 0.91953125 0.3640625 0.1609375 0.203125
0 0.84453125 0.63984375 0.1703125 0.25
0 0.7984375 0.9015625 0.178125 0.19375
0 0.915625 0.840625 0.1421875 0.228125