0 0.13984375 0.2140625 0.178125 0.2484375
0 0.21328125 0.43828125 0.1625 0.225
0 0.23984375 0.63203125 0.16875 0.20625
0 0.32890625 0.6734375 0.1859375 0.2640625
0 0.3265625 0.50234375 0.175 0.19375
0 0.31953125 0.309375 0.178125 0.228125
0 0.2 0.85546875 0.146875 0.178125
0 0.171875 0.93046875 0.1375 0.1390625
0 0.2765625 0.8984375 0.1421875 0.2
0 0.4953125 0.59453125 0.15625 0.2375
0 0.5921875 0.51875 0.171875 0.221875
0 0.45078125 0.24140625 0.178125 0.253125
0 0.44296875 0.08125 0.1484375 0.1625
0 0.55546875 0.20859375 0.1796875 0.2578125
0 0.56484375 0.0671875 0.1484375 0.134375
0 0.875 0.59765625 0.1421875 0.2
0 0.88125 0.43828125 0.1328125 0.1796875