0 0.12265625 0.5078125 0.21875 0.29375
0 0.1390625 0.2046875 0.1953125 0.275
0 0.26953125 0.3625 0.2078125 0.2921875
0 0.45546875 0.12578125 0.2234375 0.2515625
0 0.40390625 0.4 0.178125 0.2921875
0 0.240625 0.64296875 0.2203125 0.3390625
0 0.13125 0.8375 0.221875 0.2484375
0 0.3109375 0.87578125 0.196875 0.215625
0 0.396875 0.67265625 0.19375 0.2640625
0 0.56953125 0.6203125 0.2078125 0.2921875
0 0.60078125 0.7765625 0.215625 0.278125
0 0.5546875 0.3734375 0.2125 0.328125
0 0.7203125 0.39140625 0.215625 0.3484375
0 0.640625 0.13515625 0.1890625 0.234375
0 0.83984375 0.1765625 0.24375 0.2625
0 0.88671875 0.44375 0.1953125 0.2703125
0 0.86484375 0.69296875 0.228125 0.325
0 0.73984375 0.68359375 0.1859375 0.3140625