0 0.19921875 0.63359375 0.1390625 0.178125
0 0.284375 0.70625 0.14375 0.184375
0 0.3640625 0.61328125 0.1421875 0.159375
0 0.27265625 0.5484375 0.1421875 0.1734375
0 0.3140625 0.41171875 0.125 0.1640625
0 0.384375 0.50703125 0.134375 0.1296875
0 0.49609375 0.4578125 0.1421875 0.1421875
0 0.48671875 0.53671875 0.1265625 0.1515625
0 0.48203125 0.646875 0.1359375 0.1359375
0 0.46171875 0.7953125 0.146875 0.19375
0 0.58828125 0.503125 0.1078125 0.11875
0 0.5765625 0.6109375 0.13125 0.1203125
0 0.54609375 0.74296875 0.153125 0.18125