0 0.559375 0.153125 0.175 0.234375
0 0.3328125 0.15703125 0.184375 0.2328125
0 0.0890625 0.365625 0.178125 0.26875
0 0.140625 0.259375 0.20625 0.2609375
0 0.26640625 0.36328125 0.2 0.25625
0 0.09921875 0.66640625 0.1984375 0.3203125
0 0.23671875 0.5421875 0.228125 0.2734375
0 0.21640625 0.80546875 0.20625 0.2609375
0 0.39296875 0.415625 0.1703125 0.21875
0 0.5015625 0.52265625 0.2359375 0.284375
0 0.32734375 0.725 0.2421875 0.278125
0 0.38203125 0.89296875 0.2328125 0.2140625
0 0.4765625 0.7296875 0.20625 0.2484375
0 0.64375 0.7046875 0.2359375 0.296875
0 0.80390625 0.51328125 0.215625 0.278125
0 0.675 0.428125 0.2328125 0.2875
0 0.759375 0.29296875 0.1875 0.215625
0 0.90234375 0.1921875 0.1890625 0.2015625
0 0.91875 0.4765625 0.1625 0.234375
0 0.796875 0.72421875 0.2265625 0.28125
0 0.684375 0.925 0.21875 0.15
0 0.81328125 0.9046875 0.1953125 0.190625