0 0.31015625 0.17734375 0.2171875 0.3546875
0 0.190625 0.49296875 0.228125 0.4265625
0 0.34375 0.58828125 0.2125 0.45
0 0.1390625 0.79609375 0.1625 0.3015625
0 0.62265625 0.61171875 0.225 0.3765625
0 0.453125 0.759375 0.2484375 0.465625
0 0.43515625 0.26015625 0.2125 0.3890625
0 0.52890625 0.36796875 0.1890625 0.396875
0 0.6484375 0.27578125 0.1859375 0.35
0 0.78984375 0.203125 0.2234375 0.33125
0 0.7890625 0.5875 0.215625 0.4109375
0 0.73203125 0.8640625 0.2078125 0.271875
0 0.94296875 0.41875 0.1140625 0.478125
0 0.88046875 0.78203125 0.1984375 0.4328125