0 0.2046875 0.8875 0.115625 0.128125
0 0.3671875 0.97578125 0.175 0.0484375
0 0.33359375 0.88671875 0.2109375 0.2125
0 0.20703125 0.76875 0.140625 0.146875
0 0.26953125 0.61328125 0.196875 0.2125
0 0.2078125 0.396875 0.2 0.209375
0 0.46875 0.715625 0.209375 0.2140625
0 0.51484375 0.89609375 0.1453125 0.1640625
0 0.60859375 0.821875 0.15625 0.1671875
0 0.59609375 0.6640625 0.2265625 0.2328125
0 0.4296875 0.49140625 0.2453125 0.2578125
0 0.2296875 0.24453125 0.1703125 0.1734375
0 0.4015625 0.26953125 0.196875 0.2125
0 0.54453125 0.34609375 0.2171875 0.2359375
0 0.4046875 0.08359375 0.178125 0.1671875
0 0.54765625 0.16328125 0.1859375 0.2015625
0 0.72578125 0.19296875 0.2109375 0.2265625
0 0.865625 0.278125 0.1375 0.1484375
0 0.71328125 0.53515625 0.265625 0.2875
0 0.78828125 0.38671875 0.159375 0.1703125
0 0.92109375 0.4546875 0.1578125 0.171875
0 0.765625 0.7328125 0.1171875 0.11875
0 0.89375 0.68359375 0.140625 0.1390625