0 0.21953125 0.1359375 0.134375 0.2265625
0 0.23671875 0.3703125 0.1234375 0.2046875
0 0.21484375 0.565625 0.134375 0.184375
0 0.2921875 0.6265625 0.1390625 0.2421875
0 0.33125 0.46015625 0.14375 0.16875
0 0.37109375 0.27109375 0.1390625 0.2046875
0 0.12265625 0.77265625 0.1171875 0.1578125
0 0.071875 0.86015625 0.10625 0.1640625
0 0.1875 0.8328125 0.1078125 0.184375
0 0.47265625 0.590625 0.1125 0.2203125
0 0.58515625 0.540625 0.134375 0.2
0 0.51484375 0.23671875 0.134375 0.23125
0 0.54609375 0.07890625 0.121875 0.1421875
0 0.62421875 0.23125 0.134375 0.2359375
0 0.67109375 0.08125 0.121875 0.1421875
0 0.840625 0.6859375 0.1078125 0.184375
0 0.884375 0.5328125 0.1015625 0.1640625