0 0.21484375 0.234375 0.2171875 0.390625
0 0.203125 0.5890625 0.228125 0.4265625
0 0.37890625 0.63203125 0.2125 0.45
0 0.2484375 0.87109375 0.1625 0.2578125
0 0.65078125 0.56875 0.225 0.3765625
0 0.5359375 0.7609375 0.2484375 0.465625
0 0.3640625 0.2921875 0.2125 0.3890625
0 0.48671875 0.365625 0.1890625 0.396875
0 0.571875 0.240625 0.1859375 0.35
0 0.68359375 0.146875 0.2234375 0.29375
0 0.80234375 0.49375 0.215625 0.4109375
0 0.83828125 0.7890625 0.2078125 0.303125
0 0.91875 0.2765625 0.1625 0.478125
0 0.92421875 0.65078125 0.1515625 0.4328125