0 0.490625 0.140625 0.253125 0.28125
0 0.6546875 0.20625 0.20625 0.2609375
0 0.8234375 0.2625 0.2234375 0.284375
0 0.9359375 0.33984375 0.128125 0.2453125
0 0.14296875 0.34140625 0.23125 0.2921875
0 0.33046875 0.4125 0.25 0.2984375
0 0.52109375 0.4890625 0.2421875 0.2875
0 0.71015625 0.55703125 0.275 0.3421875
0 0.87265625 0.65625 0.23125 0.2703125
0 0.0875 0.665625 0.175 0.284375
0 0.21953125 0.76328125 0.2 0.234375
0 0.3921875 0.8078125 0.225 0.26875
0 0.5640625 0.89453125 0.2 0.2109375
0 0.74375 0.915625 0.215625 0.16875