0 0.04765625 0.6796875 0.0703125 0.1109375
0 0.10625 0.89765625 0.1171875 0.1484375
0 0.1578125 0.74609375 0.153125 0.159375
0 0.1109375 0.5796875 0.0953125 0.1171875
0 0.24375 0.47890625 0.128125 0.1734375
0 0.303125 0.2609375 0.1375 0.1640625
0 0.3625 0.66875 0.1484375 0.1640625
0 0.30859375 0.846875 0.0859375 0.1421875
0 0.42734375 0.83203125 0.1015625 0.1375
0 0.49765625 0.68984375 0.159375 0.1796875
0 0.44453125 0.45625 0.165625 0.20625
0 0.4 0.1421875 0.121875 0.1328125
0 0.534375 0.2515625 0.128125 0.1734375
0 0.61796875 0.390625 0.1390625 0.1953125
0 0.6390625 0.0859375 0.121875 0.1484375
0 0.7140625 0.2359375 0.1171875 0.16875
0 0.8515625 0.353125 0.1390625 0.184375
0 0.92734375 0.49765625 0.090625 0.1203125
0 0.6640625 0.63984375 0.1703125 0.2375
0 0.80546875 0.5515625 0.10625 0.1375
0 0.88828125 0.68046875 0.1171875 0.1328125
0 0.6078125 0.83671875 0.084375 0.0890625
0 0.74296875 0.8609375 0.10625 0.1015625