0 0.28125 0.359375 0.321875 0.3390625
0 0.49765625 0.3171875 0.2953125 0.3140625
0 0.1140625 0.53046875 0.228125 0.3484375
0 0.26171875 0.621875 0.309375 0.3140625
0 0.40625 0.575 0.271875 0.2796875
0 0.49609375 0.146875 0.3453125 0.29375
0 0.334375 0.0828125 0.271875 0.165625
0 0.79453125 0.36953125 0.253125 0.26875
0 0.696875 0.228125 0.2625 0.275
0 0.8953125 0.45703125 0.209375 0.3265625
0 0.784375 0.69296875 0.321875 0.3296875
0 0.44765625 0.796875 0.2734375 0.2859375
0 0.25703125 0.78828125 0.3078125 0.3015625
0 0.646875 0.91015625 0.303125 0.1796875
0 0.61015625 0.465625 0.30625 0.3328125