0 0.25859375 0.403125 0.2953125 0.3296875
0 0.4625 0.32109375 0.2703125 0.3078125
0 0.115625 0.61484375 0.23125 0.3359375
0 0.28984375 0.665625 0.290625 0.3015625
0 0.42265625 0.59140625 0.253125 0.26875
0 0.4234375 0.146875 0.325 0.29375
0 0.2453125 0.10234375 0.24375 0.2046875
0 0.7640625 0.315625 0.23125 0.2640625
0 0.64140625 0.1953125 0.240625 0.2671875
0 0.89375 0.3734375 0.2125 0.321875
0 0.81640625 0.63515625 0.3015625 0.3171875
0 0.50546875 0.8015625 0.253125 0.2765625
0 0.31640625 0.82890625 0.29375 0.284375
0 0.73671875 0.89296875 0.2734375 0.2140625
0 0.6015625 0.4453125 0.2765625 0.3296875