0 0.1171875 0.46953125 0.234375 0.2359375
0 0.16328125 0.64765625 0.3109375 0.2796875
0 0.059375 0.77421875 0.11875 0.2203125
0 0.2609375 0.83515625 0.3359375 0.2734375
0 0.43359375 0.7515625 0.3125 0.2984375
0 0.52421875 0.90703125 0.3046875 0.1859375
0 0.6859375 0.8265625 0.303125 0.2828125
0 0.76015625 0.925 0.2671875 0.15
0 0.29453125 0.34453125 0.290625 0.25625
0 0.37265625 0.515625 0.271875 0.209375
0 0.84609375 0.66875 0.2671875 0.2390625
0 0.2078125 0.20625 0.284375 0.25
0 0.4328125 0.27265625 0.24375 0.2046875
0 0.52734375 0.39140625 0.26875 0.2125
0 0.75859375 0.45625 0.2953125 0.23125
0 0.87890625 0.39375 0.2421875 0.228125
0 0.6734375 0.32421875 0.2421875 0.1875
0 0.371875 0.11796875 0.2578125 0.209375
0 0.5890625 0.1625 0.2640625 0.2296875
0 0.8015625 0.22734375 0.234375 0.175
0 0.95078125 0.28984375 0.0984375 0.1671875
0 0.31953125 0.03125 0.2234375 0.0625
0 0.52890625 0.06484375 0.2203125 0.1296875
0 0.734375 0.10859375 0.2125 0.1453125
0 0.91171875 0.15859375 0.1765625 0.1390625
0 0.59765625 0.58984375 0.2921875 0.2609375