0 0.1171875 0.22109375 0.20859375 0.28125
0 0.38046875 0.29453125 0.20859375 0.30703125
0 0.11171875 0.5625 0.203125 0.28671875
0 0.29140625 0.6015625 0.22890625 0.296875
0 0.19296875 0.83046875 0.19765625 0.265625
0 0.45546875 0.51796875 0.1875 0.23984375
0 0.52109375 0.73984375 0.203125 0.27578125
0 0.75 0.65078125 0.21875 0.33828125
0 0.5859375 0.38515625 0.203125 0.3125
0 0.37734375 0.84375 0.203125 0.234375
0 0.65859375 0.16171875 0.19296875 0.29140625
0 0.89609375 0.45859375 0.17734375 0.34921875
0 0.8515625 0.234375 0.203125 0.25546875