0 0.253125 0.41640625 0.2875 0.3265625
0 0.453125 0.3234375 0.2609375 0.303125
0 0.11640625 0.63671875 0.2328125 0.3296875
0 0.2984375 0.6765625 0.2828125 0.2953125
0 0.42734375 0.5953125 0.246875 0.2640625
0 0.40390625 0.14765625 0.3171875 0.2953125
0 0.22265625 0.10859375 0.2359375 0.2171875
0 0.75390625 0.30234375 0.225 0.2609375
0 0.62578125 0.18828125 0.234375 0.2640625
0 0.89296875 0.3515625 0.2140625 0.31875
0 0.82265625 0.61796875 0.29375 0.3125
0 0.52109375 0.80078125 0.2453125 0.2734375
0 0.334375 0.83828125 0.2890625 0.2765625
0 0.76015625 0.88671875 0.2640625 0.2265625
0 0.5984375 0.43984375 0.265625 0.3265625