0 0.2046875 0.76171875 0.275 0.2625
0 0.371875 0.84453125 0.33125 0.3109375
0 0.35078125 0.96328125 0.2515625 0.0734375
0 0.575 0.8734375 0.35 0.253125
0 0.63515625 0.72265625 0.3375 0.328125
0 0.8296875 0.784375 0.315625 0.2796875
0 0.85078125 0.5921875 0.2984375 0.3125
0 0.93984375 0.64453125 0.1203125 0.2796875
0 0.2453125 0.53984375 0.3078125 0.2875
0 0.42265625 0.60234375 0.28125 0.24375
0 0.859375 0.36796875 0.28125 0.2671875
0 0.11796875 0.50546875 0.2359375 0.2796875
0 0.28984375 0.390625 0.25625 0.2328125
0 0.44140625 0.4046875 0.278125 0.2453125
0 0.6484375 0.28359375 0.30625 0.2671875
0 0.69765625 0.14296875 0.2859375 0.259375
0 0.49453125 0.253125 0.25 0.2171875
0 0.1359375 0.3265625 0.26875 0.240625
0 0.31875 0.20078125 0.2796875 0.259375
0 0.5125 0.0984375 0.240625 0.196875
0 0.69453125 0.0453125 0.2015625 0.090625
0 0.05859375 0.27109375 0.1171875 0.1859375
0 0.19609375 0.165625 0.2265625 0.1921875
0 0.38046875 0.0734375 0.2140625 0.146875
0 0.5546875 0.01796875 0.21875 0.0359375
0 0.63203125 0.4921875 0.309375 0.2921875