0 0.128125 0.39453125 0.25625 0.2609375
0 0.153125 0.58046875 0.30625 0.3109375
0 0.0421875 0.67421875 0.084375 0.2421875
0 0.2015625 0.78359375 0.35 0.3109375
0 0.38671875 0.734375 0.3359375 0.3265625
0 0.440625 0.89609375 0.315625 0.2078125
0 0.61953125 0.85 0.3234375 0.3
0 0.66328125 0.93984375 0.2859375 0.1203125
0 0.32734375 0.30859375 0.30625 0.2859375
0 0.371875 0.49140625 0.2796875 0.2421875
0 0.8078125 0.73203125 0.2828125 0.265625
0 0.26953125 0.15625 0.3 0.278125
0 0.47734375 0.2640625 0.2546875 0.23125
0 0.54765625 0.3984375 0.278125 0.24375
0 0.76171875 0.50625 0.30625 0.265625
0 0.88203125 0.4703125 0.2359375 0.25625
0 0.70390625 0.3609375 0.25 0.215625
0 0.446875 0.109375 0.26875 0.21875
0 0.65234375 0.18515625 0.278125 0.25625
0 0.8484375 0.28984375 0.240625 0.203125
0 0.96328125 0.38828125 0.0734375 0.1859375
0 0.42109375 0.02578125 0.2265625 0.0515625
0 0.61484375 0.078125 0.2265625 0.15625
0 0.8046875 0.16015625 0.2140625 0.1734375
0 0.940625 0.246875 0.11875 0.16875
0 0.57890625 0.60625 0.309375 0.2890625