      0/99     4.74G    0.0549    0.0193         0    0.0742        12       640    0.5024    0.5959    0.4553    0.1377    0.0845   0.01731         0
      1/99     4.79G   0.05463   0.01688         0    0.0715         9       640    0.2014    0.1918      0.12   0.02449   0.09014   0.01806         0
      2/99     4.79G   0.05468   0.01698         0   0.07166        20       640    0.1806    0.2534    0.1021   0.02304    0.0766   0.01992         0
      3/99     4.79G    0.0551    0.0158         0    0.0709         7       640    0.3123    0.2616     0.188   0.05592   0.09141   0.02083         0
      4/99     4.79G   0.05054   0.01635         0   0.06689        14       640    0.7357    0.6027     0.691    0.2585    0.0834   0.01878         0
      5/99     4.79G   0.04765   0.01631         0   0.06397         7       640    0.7752    0.6518    0.7321    0.3155   0.06898   0.01983         0
      6/99     4.79G   0.04369    0.0159         0   0.05958         6       640    0.7692    0.5752    0.6764    0.3661   0.06402   0.01891         0
      7/99     4.79G    0.0429   0.01603         0   0.05894         5       640    0.8116    0.7507    0.8319    0.4322   0.05791   0.01889         0
      8/99     4.79G   0.04159   0.01546         0   0.05706         5       640    0.7869    0.7616    0.8146    0.4083   0.07521   0.01842         0
      9/99     4.79G   0.03981   0.01533         0   0.05513         6       640    0.8343    0.7753    0.8531    0.4475    0.0758   0.01756         0
     10/99     4.79G   0.03834   0.01534         0   0.05368         4       640     0.832     0.774    0.8455    0.4463   0.07394    0.0179         0
     11/99     4.79G   0.03964   0.01546         0    0.0551        11       640    0.8416    0.7877    0.8408    0.4354   0.07518   0.01787         0
     12/99     4.79G   0.03928   0.01534         0   0.05462        19       640    0.8311    0.7889    0.8524    0.4666   0.07369   0.01817         0
     13/99     4.79G   0.03891   0.01509         0     0.054        21       640    0.8244    0.7846     0.859    0.4663    0.0736   0.01718         0
     14/99     4.79G   0.03762   0.01504         0   0.05266        28       640    0.8195    0.7877    0.8345    0.4908   0.07278   0.01765         0
     15/99     4.79G   0.03765   0.01578         0   0.05343         5       640    0.8189     0.824    0.8759    0.4443   0.07162   0.01706         0
     16/99     4.79G    0.0366   0.01574         0   0.05234        23       640    0.7961    0.8425    0.8788    0.4882   0.06939   0.01749         0
     17/99     4.79G   0.03625   0.01543         0   0.05168        33       640    0.8292    0.8315    0.8918    0.5615   0.06869   0.01768         0
     18/99     4.79G   0.03562   0.01502         0   0.05064        16       640    0.8556    0.7956    0.8829    0.5281   0.07042   0.01808         0
     19/99     4.79G   0.03599   0.01475         0   0.05074         6       640    0.8665    0.7915      0.89    0.5217   0.06822   0.01782         0
     20/99     4.79G   0.03558   0.01542         0     0.051         6       640     0.848     0.764    0.8634    0.4805   0.06814   0.01757         0
     21/99     4.79G   0.03523   0.01508         0   0.05031        27       640    0.8511     0.811    0.8845     0.508   0.06666   0.01777         0
     22/99     4.79G   0.03431   0.01504         0   0.04936         7       640    0.8261    0.8264    0.8838    0.5495   0.06693   0.01752         0
     23/99     4.79G   0.03502   0.01498         0      0.05        21       640    0.8559    0.8217    0.8962    0.5393   0.06777   0.01685         0
     24/99     4.79G   0.03467   0.01529         0   0.04996        23       640    0.8071    0.8424    0.8844    0.5415   0.06575   0.01694         0
     25/99     4.79G   0.03383   0.01509         0   0.04892         2       640    0.8315    0.8055    0.8884    0.5523   0.06559   0.01765         0
     26/99     4.79G     0.034   0.01526         0   0.04926        11       640    0.8101    0.8671    0.8967    0.5751   0.06441    0.0175         0
     27/99     4.79G    0.0336   0.01499         0   0.04859         6       640    0.8551    0.8006    0.8939    0.5542   0.06261   0.01739         0
     28/99     4.79G   0.03327   0.01509         0   0.04836         1       640    0.8505    0.8123    0.8876    0.5367    0.0637   0.01756         0
     29/99     4.79G   0.03369   0.01514         0   0.04883        12       640    0.8143    0.8712    0.9104    0.5823   0.06274   0.01712         0
     30/99     4.79G    0.0326   0.01455         0   0.04715        16       640    0.8258    0.8274    0.8956    0.5511   0.06342   0.01736         0
     31/99     4.79G   0.03324   0.01544         0   0.04868        17       640    0.8546    0.8219    0.8991    0.5787    0.0628   0.01707         0
     32/99     4.79G   0.03349   0.01523         0   0.04871        11       640    0.8292    0.8313    0.8897     0.555   0.06201   0.01752         0
     33/99     4.79G   0.03255   0.01499         0   0.04754        11       640    0.8446    0.8188    0.8884    0.5607   0.06245    0.0162         0
     34/99     4.79G   0.03152   0.01555         0   0.04707         2       640    0.8346    0.8507    0.9071     0.582   0.06266   0.01649         0
     35/99     4.79G   0.03223   0.01493         0   0.04716        14       640    0.8143    0.8562    0.9003    0.5702    0.0627   0.01681         0
     36/99     4.79G   0.03138   0.01504         0   0.04642        18       640    0.8112    0.8479    0.8974    0.5634   0.06305   0.01666         0
     37/99     4.79G   0.03156   0.01491         0   0.04648         8       640    0.8191    0.8559    0.9075    0.5478   0.06292   0.01642         0
     38/99     4.79G   0.03049   0.01482         0   0.04531         4       640    0.8232    0.8616    0.9043    0.5593   0.06272   0.01671         0
     39/99     4.79G   0.03054   0.01461         0   0.04516         7       640    0.8714     0.826    0.9086    0.5832   0.06269    0.0168         0
     40/99     4.79G   0.03105   0.01448         0   0.04553        14       640    0.8658    0.8247    0.9051     0.585    0.0629    0.0164         0
     41/99     4.79G   0.03011   0.01396         0   0.04408         9       640    0.8439    0.8548    0.9066    0.5778   0.06395   0.01665         0
     42/99     4.79G      0.03   0.01472         0   0.04472        15       640    0.8621    0.7918    0.8869     0.565   0.06397   0.01663         0
     43/99     4.79G   0.03056   0.01488         0   0.04544        10       640    0.7995    0.8904    0.9093     0.558   0.06328    0.0168         0
     44/99     4.79G   0.02986   0.01451         0   0.04437         9       640    0.8168    0.8369    0.8968    0.5759   0.06225    0.0169         0
     45/99     4.79G   0.03098   0.01454         0   0.04552        15       640    0.8059    0.8477    0.8907    0.5906   0.06261   0.01698         0
     46/99     4.79G   0.02951   0.01424         0   0.04375         8       640    0.8181    0.8452    0.9002    0.5848   0.06262   0.01682         0
     47/99     4.79G   0.03003   0.01462         0   0.04465        14       640     0.829    0.8438    0.8916    0.5966   0.06173   0.01734         0
     48/99     4.79G    0.0294   0.01456         0   0.04396        14       640    0.8371     0.852    0.9045    0.5933   0.06189   0.01724         0
     49/99     4.79G   0.02928   0.01398         0   0.04325         2       640    0.8151    0.8574    0.9012    0.5822   0.06213   0.01713         0
     50/99     4.79G   0.02896   0.01415         0   0.04311        11       640     0.815    0.8752    0.9041     0.574   0.06206    0.0171         0
     51/99     4.79G   0.02923   0.01394         0   0.04317         7       640    0.8361    0.8466    0.9065    0.6062   0.06182   0.01692         0
     52/99     4.79G   0.02822   0.01412         0   0.04233        26       640    0.8315    0.8381    0.8961    0.5705   0.06252    0.0171         0
     53/99     4.79G   0.02872   0.01433         0   0.04306         2       640    0.8333    0.8493    0.9035    0.6085    0.0616   0.01741         0
     54/99     4.79G   0.02824   0.01363         0   0.04187         6       640    0.8122    0.8712    0.9047    0.6017   0.06112   0.01703         0
     55/99     4.79G   0.02919   0.01415         0   0.04334        22       640    0.8337    0.8652    0.9098    0.6145   0.06128   0.01716         0
     56/99     4.79G   0.02827    0.0138         0   0.04207         4       640     0.856    0.8315    0.9046    0.6014   0.06156   0.01667         0
     57/99     4.79G   0.02825   0.01387         0   0.04212         8       640    0.8185    0.8404    0.8919     0.583   0.06079   0.01747         0
     58/99     4.79G   0.02887   0.01427         0   0.04314         7       640    0.8651    0.8168    0.9062       0.6   0.06129   0.01714         0
     59/99     4.79G   0.02837   0.01391         0   0.04228        15       640    0.8073    0.8795    0.9033    0.6055   0.06151   0.01725         0
     60/99     4.79G   0.02839   0.01386         0   0.04225        18       640    0.8396    0.8532    0.9063    0.6023   0.06193   0.01682         0
     61/99     4.79G   0.02806   0.01386         0   0.04191         2       640    0.8012    0.8781    0.9071    0.6111   0.06131   0.01682         0
     62/99     4.79G   0.02842   0.01391         0   0.04233        16       640     0.871    0.8288    0.9095     0.612   0.06167   0.01715         0
     63/99     4.79G   0.02802   0.01376         0   0.04178        13       640    0.8202    0.8822    0.9108    0.6092   0.06067   0.01687         0
     64/99     4.79G   0.02849   0.01412         0    0.0426        17       640    0.8302    0.8712    0.9102    0.6136   0.06171   0.01655         0
     65/99     4.79G   0.02702   0.01353         0   0.04055        24       640    0.8326    0.8425    0.8982    0.5909   0.06209   0.01702         0
     66/99     4.79G   0.02735   0.01413         0   0.04149        30       640    0.8653    0.8187    0.8998    0.5868   0.06162   0.01762         0
     67/99     4.79G   0.02821   0.01399         0    0.0422        10       640    0.8351    0.8327    0.8948    0.6014   0.06045   0.01783         0
     68/99     4.79G   0.02767   0.01367         0   0.04135         8       640    0.8584    0.8303    0.9003    0.6028   0.06118   0.01722         0
     69/99     4.79G   0.02759   0.01364         0   0.04123         9       640    0.8393    0.8656    0.9027    0.6256    0.0603   0.01722         0
     70/99     4.79G   0.02752   0.01425         0   0.04176         4       640    0.8437    0.8281    0.8925    0.6109   0.06068   0.01774         0
     71/99     4.79G   0.02706   0.01372         0   0.04079        15       640    0.8357    0.8778    0.9108    0.6248   0.06026   0.01731         0
     72/99     4.79G   0.02675   0.01397         0   0.04073        29       640    0.8409    0.8548    0.9044    0.6188   0.06092   0.01687         0
     73/99     4.79G   0.02708   0.01373         0   0.04081        12       640    0.8609    0.8493    0.9114    0.6279   0.06069   0.01702         0
     74/99     4.79G   0.02686   0.01336         0   0.04022        13       640    0.8492    0.8328    0.8998    0.6131   0.06098   0.01706         0
     75/99     4.79G   0.02658   0.01336         0   0.03995        39       640    0.8451    0.8821    0.9195    0.6416    0.0605   0.01666         0
     76/99     4.79G   0.02593   0.01357         0    0.0395         6       640    0.8363    0.8328    0.9035    0.6216   0.06086   0.01739         0
     77/99     4.79G   0.02615   0.01342         0   0.03957        30       640    0.8477    0.8539    0.9152    0.6302   0.05998   0.01758         0
     78/99     4.79G   0.02636   0.01365         0   0.04001        19       640    0.8325    0.8848    0.9196    0.6466   0.05943   0.01702         0
     79/99     4.79G   0.02643   0.01357         0      0.04         9       640     0.837    0.8671    0.9093    0.6231   0.06015   0.01752         0
     80/99     4.79G   0.02646   0.01345         0   0.03991         3       640    0.8501    0.8548     0.914    0.6387   0.05966   0.01739         0
     81/99     4.79G   0.02678   0.01328         0   0.04006        14       640    0.8659    0.8329    0.9134    0.6247   0.06021   0.01735         0
     82/99     4.79G   0.02627   0.01305         0   0.03932         7       640    0.8569    0.8365    0.9113    0.6259   0.06001   0.01731         0
     83/99     4.79G   0.02604   0.01324         0   0.03929        29       640    0.8512    0.8544    0.9164    0.6257   0.06009   0.01689         0
     84/99     4.79G   0.02631    0.0134         0   0.03971         3       640    0.8274    0.8998    0.9225    0.6396   0.05989    0.0171         0
     85/99     4.79G   0.02634   0.01351         0   0.03985        20       640    0.8581    0.8288     0.908    0.6284   0.06024   0.01741         0
     86/99     4.79G   0.02624   0.01347         0   0.03971         7       640    0.8542    0.8603    0.9156    0.6338   0.05986   0.01743         0
     87/99     4.79G   0.02629   0.01284         0   0.03913         7       640    0.8355    0.8764    0.9108    0.6165   0.06015   0.01721         0
     88/99     4.79G   0.02618   0.01377         0   0.03995        17       640    0.8475    0.8682    0.9145    0.6295    0.0603   0.01742         0
     89/99     4.79G   0.02579   0.01311         0    0.0389        10       640    0.8335    0.8777    0.9159    0.6249   0.06031   0.01756         0
     90/99     4.79G   0.02591   0.01345         0   0.03937        10       640    0.8517    0.8685    0.9152    0.6205   0.06041    0.0176         0
     91/99     4.79G   0.02594   0.01304         0   0.03898        15       640    0.8406    0.8383     0.902     0.618   0.05994    0.0183         0
     92/99     4.79G   0.02561   0.01314         0   0.03875        21       640    0.8158    0.8737    0.9035    0.6197   0.05988   0.01791         0
     93/99     4.79G    0.0252   0.01336         0   0.03856        51       640    0.8641    0.8548    0.9153    0.6289   0.05974   0.01753         0
     94/99     4.79G   0.02504   0.01317         0   0.03821         3       640    0.8505    0.8575    0.9151    0.6383   0.05958   0.01758         0
     95/99     4.79G   0.02589   0.01361         0    0.0395        21       640    0.8276    0.8616    0.9072    0.6343   0.05967   0.01781         0
     96/99     4.79G   0.02601   0.01338         0   0.03939        10       640    0.8506    0.8699    0.9191    0.6447   0.05951   0.01735         0
     97/99     4.79G   0.02603   0.01304         0   0.03906        16       640    0.8755    0.8478    0.9215    0.6411   0.05955   0.01752         0
     98/99     4.79G   0.02604   0.01318         0   0.03922         8       640    0.8555    0.8594    0.9189    0.6419   0.05991   0.01748         0
     99/99     4.79G   0.02542    0.0131         0   0.03852         6       640    0.8582    0.8411    0.9068    0.6401   0.05972   0.01745         0
