      0/99     3.98G   0.05513  0.006893         0   0.06202        12       640   0.04757   0.01507   0.01305  0.002253   0.06903  0.004853         0
      1/99     4.26G      0.05  0.006031         0   0.05603        10       640   0.01065     0.463  0.008636  0.001384   0.06039  0.004254         0
      2/99     4.26G   0.04955  0.005225         0   0.05477         4       640  0.007118   0.03973  0.003193 0.0005471   0.06239   0.00375         0
      3/99     4.26G   0.04884  0.004748         0   0.05359        14       640  0.008568    0.7479  0.006716  0.001073   0.06247  0.003756         0
      4/99     4.26G   0.04711  0.004362         0   0.05147         5       640  0.009254    0.6247  0.007331  0.001124   0.05762  0.004109         0
      5/99     4.26G   0.04642  0.004512         0   0.05093        22       640  0.008217    0.5616  0.005801  0.001026   0.05498   0.00428         0
      6/99     4.26G   0.04553  0.004425         0   0.04996         9       640   0.02654    0.1671   0.01631  0.003208   0.05308  0.004449         0
      7/99     4.26G   0.04401  0.004337         0   0.04835        13       640    0.1509     0.189   0.09995   0.02484   0.05697  0.004406         0
      8/99     4.26G   0.04359  0.003985         0   0.04758        28       640    0.5391    0.3027    0.2953      0.11   0.05229  0.004561         0
      9/99     4.26G   0.04155  0.003739         0   0.04529         6       640    0.6433    0.4027    0.4333    0.1976   0.04944  0.004501         0
     10/99     4.26G   0.04194  0.003566         0    0.0455        30       640    0.7268    0.4957    0.5924    0.2305   0.05145  0.004149         0
     11/99     4.26G   0.04052  0.003285         0   0.04381        14       640    0.7225     0.526    0.5998    0.2962   0.05289  0.004126         0
     12/99     4.26G     0.041  0.003301         0    0.0443         4       640    0.6838    0.5014    0.5782    0.2563   0.05354   0.00405         0
     13/99     4.26G   0.03833  0.003186         0   0.04152        13       640    0.2223    0.6309    0.1824    0.0722   0.05427    0.2273         0
     14/99     4.26G   0.03757  0.003003         0   0.04057         7       640    0.7348    0.6397    0.7075    0.3085   0.05019  0.003956         0
     15/99     4.26G   0.03662  0.002978         0   0.03959         4       640     0.734    0.6123    0.6819    0.3596   0.04709  0.004107         0
     16/99     4.26G   0.03467  0.002863         0   0.03753         6       640    0.8043    0.6726    0.7538    0.3664   0.04912   0.00385         0
     17/99     4.26G   0.03472  0.002844         0   0.03756         6       640     0.733    0.6505    0.7128    0.3507   0.05068  0.003713         0
     18/99     4.26G   0.03425  0.002764         0   0.03702        12       640    0.8003    0.6753    0.7681    0.3693   0.04861  0.003763         0
     19/99     4.26G   0.03284  0.002713         0   0.03555         6       640     0.777    0.6588    0.7263    0.3474   0.04798  0.003831         0
     20/99     4.26G   0.03251   0.00281         0   0.03532        22       640    0.7429    0.6807    0.7494    0.3644   0.05027   0.00371         0
     21/99     4.26G   0.03255  0.002787         0   0.03533        13       640    0.6591    0.7178    0.7213    0.3504   0.05001  0.003681         0
     22/99     4.26G    0.0331  0.002738         0   0.03584        22       640    0.7049     0.687    0.7199    0.3368   0.05136  0.003544         0
     23/99     4.26G    0.0317  0.002729         0   0.03443         6       640    0.7336    0.7096    0.7579    0.3449   0.04864  0.003556         0
     24/99     4.26G   0.03145  0.002631         0   0.03408        12       640     0.755    0.7217    0.7781    0.3909   0.04937  0.003523         0
     25/99     4.26G   0.03155  0.002629         0   0.03418        49       640    0.7507    0.7192    0.7447    0.4083   0.04858  0.003914         0
     26/99     4.26G   0.03042  0.002678         0    0.0331        20       640    0.3706    0.7646    0.3422    0.1636   0.04841  0.003795         0
     27/99     4.26G   0.03041  0.002573         0   0.03298         1       640     0.321    0.6671    0.2902    0.1387   0.04785  0.003755         0
     28/99     4.26G   0.02919  0.002568         0   0.03176         5       640    0.7768    0.6534    0.7422    0.3821   0.04774  0.003637         0
     29/99     4.26G    0.0295  0.002634         0   0.03214         9       640    0.7944    0.7767    0.8291    0.4548   0.04681   0.00348         0
     30/99     4.26G   0.02985  0.002555         0    0.0324        16       640     0.805    0.7205    0.7949    0.4076   0.04859  0.003544         0
     31/99     4.26G   0.02852  0.002601         0   0.03112        13       640    0.8179    0.7644    0.8342    0.4209   0.04525  0.003505         0
     32/99     4.26G   0.02946  0.002515         0   0.03198        19       640    0.7635    0.7712    0.8072    0.4367   0.04548  0.003624         0
     33/99     4.26G   0.02892  0.002576         0    0.0315        10       640    0.8438    0.7096    0.8163    0.4357   0.04523  0.003607         0
     34/99     4.26G    0.0288  0.002536         0   0.03134        12       640    0.8306    0.7274    0.8014    0.4244   0.04447  0.003738         0
     35/99     4.26G   0.02878  0.002554         0   0.03134         8       640    0.7958    0.7959    0.8468    0.4793   0.04574  0.003534         0
     36/99     4.26G   0.02774  0.002491         0   0.03023         8       640    0.8013    0.7956    0.8499    0.4248   0.04653  0.003486         0
     37/99     4.26G   0.02912  0.002592         0   0.03172         8       640     0.824    0.7315    0.8173    0.4673   0.04628  0.003551         0
     38/99     4.26G    0.0284  0.002535         0   0.03094        50       640     0.833    0.7055    0.7974    0.4595   0.04711  0.003597         0
     39/99     4.26G   0.02782  0.002576         0   0.03039         6       640    0.8136    0.7753    0.8372    0.4488   0.04685  0.003422         0
     40/99     4.26G    0.0281   0.00248         0   0.03058        28       640    0.8284    0.7877    0.8475    0.4707   0.04612  0.003454         0
     41/99     4.26G   0.02859  0.002579         0   0.03117         4       640    0.8228    0.7571    0.8313    0.4565     0.045  0.003541         0
     42/99     4.26G   0.02799  0.002535         0   0.03053         9       640    0.7896    0.8123    0.8362     0.469   0.04552  0.003532         0
     43/99     4.26G   0.02815  0.002589         0   0.03074         9       640    0.8204    0.7808    0.8496     0.485   0.04493   0.00342         0
     44/99     4.26G   0.02693  0.002514         0   0.02944        26       640    0.8642     0.776    0.8716    0.4893   0.04419  0.003416         0
     45/99     4.26G   0.02659  0.002489         0   0.02908         7       640    0.8487    0.7699    0.8588    0.4944   0.04522  0.003437         0
     46/99     4.26G   0.02908  0.002543         0   0.03163        17       640    0.8061    0.8082    0.8394     0.439   0.04705  0.003333         0
     47/99     4.26G   0.02742  0.002547         0   0.02996         3       640    0.8824    0.7301     0.844    0.4473   0.04583  0.003368         0
     48/99     4.26G   0.02849  0.002609         0   0.03109        15       640     0.873    0.7753    0.8637    0.4773   0.04533    0.0033         0
     49/99     4.26G   0.02704  0.002487         0   0.02953        24       640    0.7972    0.8293    0.8594    0.4846   0.04474  0.003324         0
     50/99     4.26G   0.02744  0.002467         0    0.0299        33       640    0.8119     0.826     0.863    0.4884   0.04405  0.003395         0
     51/99     4.26G   0.02654  0.002426         0   0.02897        12       640    0.8238    0.8259    0.8718    0.4756    0.0457  0.003287         0
     52/99     4.26G   0.02798  0.002465         0   0.03044        13       640    0.8151    0.8393    0.8713     0.491   0.04539   0.00321         0
     53/99     4.26G   0.02778  0.002542         0   0.03032        11       640    0.8116    0.8205      0.87    0.4822   0.04467  0.003266         0
     54/99     4.26G   0.02692  0.002587         0    0.0295        27       640    0.8111     0.789    0.8544    0.4943   0.04509  0.003343         0
     55/99     4.26G   0.02595  0.002498         0   0.02845         6       640    0.8106    0.8151    0.8641    0.4872   0.04521  0.003219         0
     56/99     4.26G   0.02658  0.002487         0   0.02906         8       640    0.8746    0.7562    0.8568    0.5084   0.04424  0.003421         0
     57/99     4.26G    0.0259  0.002476         0   0.02837         9       640    0.8319     0.793    0.8645    0.4811   0.04569  0.003275         0
     58/99     4.26G   0.02635  0.002495         0   0.02884        17       640    0.8447    0.8178     0.876    0.5152   0.04486  0.003319         0
     59/99     4.26G   0.02621  0.002484         0   0.02869        10       640    0.8582     0.789    0.8761    0.5005   0.04507  0.003279         0
     60/99     4.26G   0.02648  0.002401         0   0.02888        12       640    0.8831    0.7861    0.8794    0.5259   0.04386  0.003268         0
     61/99     4.26G   0.02617  0.002469         0   0.02864         3       640    0.8438    0.8068    0.8746    0.4679   0.04675  0.003312         0
     62/99     4.26G   0.02793  0.002537         0   0.03047        13       640    0.7815    0.8384    0.8564    0.4734   0.04575  0.003331         0
     63/99     4.26G   0.02558  0.002541         0   0.02812        22       640    0.8289    0.8068    0.8644    0.4978   0.04439  0.003308         0
     64/99     4.26G   0.02544  0.002438         0   0.02788        11       640    0.8414    0.8286     0.872    0.4944   0.04412  0.003322         0
     65/99     4.26G   0.02631   0.00248         0   0.02879         3       640    0.8384    0.7918    0.8653    0.5123   0.04488  0.003251         0
     66/99     4.26G    0.0259  0.002434         0   0.02834         5       640    0.8192    0.8151    0.8732    0.5191   0.04404  0.003171         0
     67/99     4.26G   0.02562  0.002441         0   0.02806        13       640    0.8223    0.8164    0.8768     0.517   0.04412  0.003214         0
     68/99     4.26G   0.02435  0.002449         0   0.02679         4       640    0.8479    0.8096    0.8779    0.5339   0.04496  0.003179         0
     69/99     4.26G   0.02513  0.002408         0   0.02753        24       640    0.8205    0.8201    0.8718    0.5283   0.04445   0.00319         0
     70/99     4.26G   0.02447  0.002384         0   0.02685        18       640    0.8056    0.8342    0.8718    0.5143   0.04476  0.003172         0
     71/99     4.26G   0.02634  0.002516         0   0.02886        18       640    0.8412    0.8273    0.8889    0.5369   0.04501  0.003152         0
     72/99     4.26G    0.0249  0.002436         0   0.02734        17       640    0.8398    0.8329    0.8889    0.5426   0.04445  0.003242         0
     73/99     4.26G   0.02516  0.002405         0   0.02756         8       640    0.7999     0.849    0.8848    0.5343   0.04449  0.003217         0
     74/99     4.26G   0.02493  0.002444         0   0.02737         7       640    0.8316    0.8188    0.8742    0.5362   0.04414  0.003267         0
     75/99     4.26G   0.02466   0.00247         0   0.02713        47       640    0.8669    0.8033    0.8914    0.5418   0.04359  0.003234         0
     76/99     4.26G   0.02544  0.002469         0   0.02791        20       640     0.836    0.8192    0.8823    0.5297   0.04407  0.003239         0
     77/99     4.26G   0.02442  0.002415         0   0.02683         9       640    0.7975    0.8738    0.8824    0.5401   0.04387  0.003202         0
     78/99     4.26G   0.02458  0.002425         0     0.027        26       640    0.7997    0.8642    0.8912    0.5286   0.04424  0.003213         0
     79/99     4.26G   0.02433  0.002474         0   0.02681        63       640    0.8366    0.8288    0.8867    0.5346   0.04408  0.003261         0
     80/99     4.26G   0.02393  0.002392         0   0.02632        42       640    0.8185    0.8288    0.8788    0.5282   0.04355  0.003317         0
     81/99     4.26G   0.02453  0.002414         0   0.02694        21       640    0.7998    0.8548    0.8837    0.5329   0.04351  0.003253         0
     82/99     4.26G   0.02412  0.002386         0    0.0265        13       640    0.8317    0.8466    0.8854    0.5327   0.04339   0.00323         0
     83/99     4.26G   0.02504  0.002507         0   0.02755         1       640    0.8388     0.834    0.8918    0.5581   0.04297  0.003269         0
     84/99     4.26G   0.02417   0.00233         0    0.0265         2       640    0.8185    0.8479     0.886    0.5485   0.04271  0.003294         0
     85/99     4.26G    0.0245  0.002403         0    0.0269        16       640    0.8317    0.8259    0.8858    0.5418   0.04317  0.003288         0
     86/99     4.26G   0.02559   0.00248         0   0.02807         2       640     0.809    0.8469    0.8852    0.5536   0.04238  0.003265         0
     87/99     4.26G   0.02455  0.002448         0     0.027        12       640    0.8427    0.8151     0.885    0.5475    0.0425  0.003323         0
     88/99     4.26G     0.025  0.002454         0   0.02745        16       640    0.8163    0.8342    0.8816    0.5459   0.04223  0.003366         0
     89/99     4.26G   0.02505  0.002472         0   0.02752         6       640    0.8135    0.8329    0.8758    0.5371   0.04337  0.003331         0
     90/99     4.26G   0.02406  0.002401         0   0.02646        22       640    0.7977    0.8603    0.8855    0.5598   0.04338  0.003265         0
     91/99     4.26G   0.02527  0.002426         0   0.02769         5       640    0.8365    0.8274    0.8854    0.5442   0.04323  0.003319         0
     92/99     4.26G   0.02483   0.00243         0   0.02726        12       640    0.8369    0.8123    0.8844    0.5513   0.04238  0.003316         0
     93/99     4.26G   0.02358  0.002403         0   0.02598        17       640    0.8264    0.8219    0.8797    0.5387   0.04252  0.003349         0
     94/99     4.26G   0.02438  0.002358         0   0.02674        21       640    0.8349    0.8177    0.8803    0.5387    0.0429  0.003336         0
     95/99     4.26G   0.02443  0.002385         0   0.02682        19       640    0.7921    0.8718    0.8841      0.54    0.0426  0.003299         0
     96/99     4.26G   0.02486  0.002471         0   0.02733         3       640    0.8448    0.8051    0.8748    0.5327   0.04314  0.003322         0
     97/99     4.26G   0.02436  0.002405         0   0.02676        37       640    0.8258    0.8572    0.8912    0.5546   0.04307  0.003303         0
     98/99     4.26G    0.0247  0.002462         0   0.02717        12       640     0.827    0.8314    0.8804    0.5487   0.04272  0.003345         0
     99/99     4.26G   0.02424  0.002473         0   0.02672        12       640    0.8188    0.8507    0.8839    0.5387   0.04239  0.003356         0
